0
0
0
0
1
1
1
1
1
1
0
2
0
0
0
0
0
1
1
1
1
1
1
1
1
1
7
6
6
7
0
0
0
0
0
0
1
1
1
1
1
1
0
2
0
0
0
0
0
1
1
1
1
1
1
1
1
1
7
6
6
7
0
0
0
0
0
0
1
1
1
1
1
1
0
2
0
0
0
0
0
1
1
1
1
1
1
1
1
1
7
6
6
7
0
0
0
0
0
0
1
1
1
1
1
1
0
2
0
0
0
0
0
1
1
1
1
1
1
1
1
1
7
6
6
7
0
0
0
0
0
0
1
1
1
1
1
1
0
2
0
0
0
0
0
1
1
1
1
1
1
1
1
1
7
6
6
7
0
0
0
0
0
0
1
1
1
1
1
1
0
2
0
0
0
0
0
1
1
1
1
1
1
1
1
1
7
6
6
7
0
0
0
0
0
0
1
1
1
1
1
1
0
2
0
0
0
0
0
1
1
1
1
1
1
1
1
1
7
6
6
7
0
0
0
0
0
0
1
1
1
1
1
1
0
2
0
0
0
0
0
1
1
1
1
1
1
1
1
1
7
6
6
7
0
0
0
0
0
0
1
1
1
1
1
1
0
2
0
0
0
0
0
1
1
1
1
1
1
1
1
1
7
6
6
7
0
0
